<mesh> .\bunny_big.obj
<part> .\bunny_in_Inches_no_standoff_0.snr
<part_trans_matrix> 0.999289 0.026815 0.026466 0.000000 0.027297 -0.999466 -0.018009 0.000000 0.025969 0.018719 -0.999487 0.000000 3.846506 9.976071 9.674709 1.000000 
<part> .\bunny_in_Inches_no_standoff_30.snr
<part_trans_matrix> 0.876205 -0.004777 0.481916 0.000000 -0.010560 -0.999901 0.009288 0.000000 0.481823 -0.013228 -0.876168 0.000000 2.448278 10.143946 8.139263 1.000000 
<part> .\bunny_in_Inches_no_standoff_60.snr
<part_trans_matrix> 0.479384 -0.005512 0.877587 0.000000 -0.015347 -0.999880 0.002102 0.000000 0.877472 -0.014476 -0.479411 0.000000 1.919326 10.168897 5.808710 1.000000 
<part> .\bunny_in_Inches_no_standoff_90.snr
<part_trans_matrix> -0.041712 -0.022126 0.998884 0.000000 -0.024767 -0.999424 -0.023173 0.000000 0.998821 -0.025706 0.041139 0.000000 2.632682 10.217957 3.678969 1.000000 
<part> .\bunny_in_Inches_no_standoff_120.snr
<part_trans_matrix> -0.544819 -0.019799 0.838318 0.000000 -0.033331 -0.998418 -0.045241 0.000000 0.837891 -0.052591 0.543300 0.000000 4.348852 10.275889 2.206124 1.000000 
<part> .\bunny_in_Inches_no_standoff_150.snr
<part_trans_matrix> -0.904610 0.005367 0.426206 0.000000 -0.026153 -0.998735 -0.042931 0.000000 0.425437 -0.049982 0.903607 0.000000 6.610517 10.216982 1.717899 1.000000 
<part> .\bunny_in_Inches_no_standoff_180.snr
<part_trans_matrix> -0.999038 0.003949 0.043659 0.000000 -0.004102 -0.999986 -0.003398 0.000000 0.043645 -0.003573 0.999042 0.000000 8.206294 10.083932 2.141917 1.000000 
<part> .\bunny_in_Inches_no_standoff_210.snr
<part_trans_matrix> -0.835335 0.006390 -0.549703 0.000000 0.007513 -0.999705 -0.023037 0.000000 -0.549689 -0.023372 0.835042 0.000000 10.025839 10.134061 4.095996 1.000000 
<part> .\bunny_in_Inches_no_standoff_240.snr
<part_trans_matrix> -0.506195 0.012912 -0.862323 0.000000 0.016494 -0.999559 -0.024649 0.000000 -0.862261 -0.026701 0.505760 0.000000 10.525391 10.142001 5.979767 1.000000 
<part> .\bunny_in_Inches_no_standoff_270.snr
<part_trans_matrix> 0.102399 0.004079 -0.994735 0.000000 0.004136 -0.999984 -0.003674 0.000000 -0.994734 -0.003738 -0.102414 0.000000 9.664417 10.091733 8.498156 1.000000 
<part> .\bunny_in_Inches_no_standoff_300.snr
<part_trans_matrix> 0.530875 0.004080 -0.847440 0.000000 -0.004738 -0.999959 -0.007781 0.000000 -0.847437 0.008146 -0.530834 0.000000 8.217433 10.061930 9.770128 1.000000 
<part> .\bunny_in_Inches_no_standoff_330.snr
<part_trans_matrix> 0.897876 0.039218 -0.438499 0.000000 0.037292 -0.999219 -0.013006 0.000000 -0.438666 -0.004674 -0.898639 0.000000 5.779727 10.008414 10.278826 1.000000 
