<mesh> .\bunny_big.obj
<signature> .\bunny_big.sig
<part> .\bunny_in_Inches_no_standoff_0.snr
<part_trans_matrix> 0.999340 0.025510 0.025903 0.000000 0.026009 -0.999479 -0.019125 0.000000 0.025402 0.019786 -0.999481 0.000000 3.597996 9.774532 19.672085 1.000000 
<part> .\bunny_in_Inches_no_standoff_30.snr
<part_trans_matrix> 0.855132 0.019089 0.518059 0.000000 0.028543 -0.999540 -0.010284 0.000000 0.517624 0.023581 -0.855283 0.000000 -2.871809 9.746182 16.602837 1.000000 
<part> .\bunny_in_Inches_no_standoff_60.snr
<part_trans_matrix> 0.480807 0.009936 0.876770 0.000000 -0.008870 -0.999830 0.016195 0.000000 0.876782 -0.015563 -0.480636 0.000000 -6.851318 10.297580 10.603965 1.000000 
<part> .\bunny_in_Inches_no_standoff_90.snr
<part_trans_matrix> -0.049222 -0.013130 0.998702 0.000000 -0.023615 -0.999619 -0.014306 0.000000 0.998508 -0.024288 0.048893 0.000000 -7.319772 10.439161 3.154800 1.000000 
<part> .\bunny_in_Inches_no_standoff_120.snr
<part_trans_matrix> -0.538296 -0.023586 0.842426 0.000000 -0.019417 -0.998995 -0.040376 0.000000 0.842532 -0.038091 0.537297 0.000000 -4.215352 10.629573 -3.181913 1.000000 
<part> .\bunny_in_Inches_no_standoff_150.snr
<part_trans_matrix> -0.880049 -0.009532 0.474789 0.000000 -0.004544 -0.999584 -0.028490 0.000000 0.474863 -0.027231 0.879639 0.000000 1.560165 10.462865 -7.145009 1.000000 
<part> .\bunny_in_Inches_no_standoff_180.snr
<part_trans_matrix> -0.999708 -0.009819 -0.022085 0.000000 0.010002 -0.999916 -0.008176 0.000000 -0.022003 -0.008394 0.999723 0.000000 8.671384 10.201484 -7.740417 1.000000 
<part> .\bunny_in_Inches_no_standoff_210.snr
<part_trans_matrix> -0.862965 0.006219 -0.505225 0.000000 0.016099 -0.999078 -0.039795 0.000000 -0.505007 -0.042475 0.862069 0.000000 14.975626 10.632033 -4.733235 1.000000 
<part> .\bunny_in_Inches_no_standoff_240.snr
<part_trans_matrix> -0.463312 0.016697 -0.886038 0.000000 0.004476 -0.999766 -0.021182 0.000000 -0.886184 -0.013779 0.463129 0.000000 19.420622 10.233529 1.552075 1.000000 
<part> .\bunny_in_Inches_no_standoff_270.snr
<part_trans_matrix> 0.072406 0.005541 -0.997359 0.000000 0.005701 -0.999971 -0.005142 0.000000 -0.997359 -0.005313 -0.072435 0.000000 19.742300 10.149652 9.115842 1.000000 
<part> .\bunny_in_Inches_no_standoff_300.snr
<part_trans_matrix> 0.557420 0.005683 -0.830211 0.000000 -0.028016 -0.999279 -0.025651 0.000000 -0.829758 0.037557 -0.556857 0.000000 16.430731 9.594942 15.420018 1.000000 
<part> .\bunny_in_Inches_no_standoff_330.snr
<part_trans_matrix> 0.890053 0.008868 -0.455771 0.000000 0.008903 -0.999959 -0.002070 0.000000 -0.455771 -0.002215 -0.890094 0.000000 10.442722 10.072166 19.161140 1.000000 
