<mesh> .\bunny_big.obj
<signature> .\bunny_big.sig
<part> .\bunny_in_Inches_no_standoff_0.snr
<part_trans_matrix> 0.999592 0.001805 0.028513 0.000000 0.001743 -0.999997 0.002182 0.000000 0.028517 -0.002132 -0.999591 0.000000 3.517891 10.129466 21.643860 1.000000 
<part> .\bunny_in_Inches_no_standoff_30.snr
<part_trans_matrix> 0.848723 0.002269 0.528833 0.000000 -0.000586 -0.999986 0.005231 0.000000 0.528837 -0.004749 -0.848710 0.000000 -4.049859 10.170139 18.161512 1.000000 
<part> .\bunny_in_Inches_no_standoff_60.snr
<part_trans_matrix> 0.481546 -0.001809 0.876419 0.000000 -0.017072 -0.999828 0.007317 0.000000 0.876254 -0.018486 -0.481494 0.000000 -8.652324 10.383312 11.606484 1.000000 
<part> .\bunny_in_Inches_no_standoff_90.snr
<part_trans_matrix> -0.049919 -0.019697 0.998559 0.000000 -0.061923 -0.997821 -0.022779 0.000000 0.996832 -0.062971 0.048590 0.000000 -9.255735 11.083345 3.076171 1.000000 
<part> .\bunny_in_Inches_no_standoff_120.snr
<part_trans_matrix> -0.536402 -0.026727 0.843540 0.000000 -0.015997 -0.998997 -0.041824 0.000000 0.843812 -0.035928 0.535436 0.000000 -5.935783 10.678960 -4.227407 1.000000 
<part> .\bunny_in_Inches_no_standoff_150.snr
<part_trans_matrix> -0.845867 -0.030713 0.532509 0.000000 0.033705 -0.999423 -0.004103 0.000000 0.532328 0.014478 0.846414 0.000000 -0.364849 9.891133 -8.475611 1.000000 
<part> .\bunny_in_Inches_no_standoff_180.snr
<part_trans_matrix> -0.999696 0.008376 -0.023218 0.000000 -0.007730 -0.999585 -0.027757 0.000000 -0.023440 -0.027570 0.999345 0.000000 8.751913 10.488108 -9.717436 1.000000 
<part> .\bunny_in_Inches_no_standoff_210.snr
<part_trans_matrix> -0.857904 0.018001 -0.513494 0.000000 0.001286 -0.999308 -0.037180 0.000000 -0.513807 -0.032558 0.857288 0.000000 16.154715 10.535894 -6.371540 1.000000 
<part> .\bunny_in_Inches_no_standoff_240.snr
<part_trans_matrix> -0.507602 0.015426 -0.861453 0.000000 0.016529 -0.999481 -0.027638 0.000000 -0.861432 -0.028268 0.507084 0.000000 20.855595 10.477243 -0.104701 1.000000 
<part> .\bunny_in_Inches_no_standoff_270.snr
<part_trans_matrix> 0.058268 0.008853 -0.998262 0.000000 -0.026356 -0.999598 -0.010403 0.000000 -0.997953 0.026916 -0.058011 0.000000 21.776299 9.654957 9.037873 1.000000 
<part> .\bunny_in_Inches_no_standoff_300.snr
<part_trans_matrix> 0.552209 -0.005995 -0.833684 0.000000 -0.003994 -0.999982 0.004544 0.000000 -0.833697 0.000821 -0.552223 0.000000 18.146267 10.094446 16.436068 1.000000 
<part> .\bunny_in_Inches_no_standoff_330.snr
<part_trans_matrix> 0.886401 -0.001581 -0.462918 0.000000 0.000437 -0.999990 0.004252 0.000000 -0.462920 -0.003971 -0.886392 0.000000 11.540378 10.162979 20.914186 1.000000 
